X	    J0(x)	        Y0(x)
0	    1	            Undefined
0.1	    0.997501562	    -1.534238651
0.2	    0.990024972	    -1.081105322
0.3	    0.977626247	    -0.807273578
0.4	    0.960398227	    -0.606024568
0.5	    0.938469807	    -0.444518734
0.6	    0.912004863	    -0.30850987
0.7	    0.881200889	    -0.190664929
0.8	    0.846287353	    -0.08680228
0.9	    0.807523798	    0.005628307
1	    0.765197687	    0.088256964
1.1	    0.719622019	    0.162163203
1.2	    0.671132744	    0.228083503
1.3	    0.62008599	    0.286535357
1.4	    0.56685512	    0.33789513
1.5	    0.511827672	    0.382448924
1.6	    0.455402168	    0.420426896
1.7	    0.397984859	    0.452027
1.8	    0.339986411	    0.477431715
1.9	    0.281818559	    0.496819971
2	    0.223890779	    0.510375673
2.1	    0.16660698	    0.518293738
2.2	    0.110362267	    0.520784285
2.3	    0.055539784	    0.518075396
2.4	    0.002507683	    0.510414749
2.5	    -0.048383776	0.49807036
2.6	    -0.096804954	0.481330591
2.7	    -0.14244937	    0.460503549
2.8	    -0.185036033	0.435915986
2.9	    -0.224311546	0.407911769
3	    -0.260051955	0.37685001
3.1	    -0.292064348	0.343102889
3.2	    -0.32018817	    0.30705325
3.3	    -0.34429626	    0.269091995
3.4	    -0.364295597	0.229615337
3.5	    -0.38012774	    0.189021944
3.6	    -0.391768984	0.147710013
3.7	    -0.399230203	0.106074315
3.8	    -0.40255641	    0.064503247
3.9	    -0.401826015	0.023375908
4	    -0.39714981	    -0.016940739
4.1	    -0.38866968	    -0.056094627
4.2	    -0.376557054	-0.093751201
4.3	    -0.361011117	-0.129595903
4.4	    -0.34225679	    -0.163336463
4.5	    -0.320542509	-0.194705009
4.6	    -0.296137817	-0.223459953
4.7	    -0.269330789	-0.249387647
4.8	    -0.240425327	-0.272303794
4.9	    -0.209738328	-0.292054594
5	    -0.177596771	-0.308517625
5.1	    -0.144334747	-0.321602449
5.2	    -0.11029044	    -0.331250935
5.3	    -0.075803112	-0.337437301
5.4	    -0.041210101	-0.340167878
5.5	    -0.006843869    -0.339480593
5.6	    0.026970885	    -0.335444181
5.7	    0.05992001	    -0.328157141
5.8	    0.091702568	    -0.31774643
5.9	    0.122033355	    -0.30436593
6	    0.150645257	    -0.288194684
6.1	    0.177291422	    -0.26943493
6.2	    0.201747223	    -0.248309951
6.3	    0.223812006	    -0.22506175
6.4	    0.243310605	    -0.199948595
6.5	    0.260094606	    -0.173242435
6.6	    0.274043361	    -0.145226217
6.7	    0.285064738	    -0.116191143
6.8	    0.293095603	    -0.086433868
6.9	    0.298102035	    -0.056253692
7	    0.300079271	    -0.025949744
7.1	    0.299051381	    0.004181793
7.2	    0.295070691	    0.033850405
7.3	    0.288216948	    0.062773886
7.4	    0.278596233	    0.09068088
7.5	    0.266339658	    0.117313286
7.6	    0.251601834	    0.142428525
7.7	    0.23455914	    0.165801632
7.8	    0.215407808	    0.187227173
7.9	    0.194361845	    0.206520948
8	    0.171650807	    0.223521489
8.1	    0.147517454	    0.238091329
8.2	    0.122215302	    0.250118028
8.3	    0.096006101	    0.259514964
8.4	    0.069157262	    0.266221867
8.5	    0.041939252	    0.270205105
8.6	    0.014622991	    0.271457712
8.7	    -0.012522732	0.26999917
8.8	    -0.039233803	0.265874942
8.9	    -0.065253247	0.259155762
9	    -0.090333611	0.249936698
9.1	    -0.114239233	0.238335992
9.2	    -0.136748371	0.224493687
9.3	    -0.15765519	    0.208570068
9.4	    -0.176771573	0.190743919
9.5	    -0.193928748	0.171210626
9.6	    -0.208978718	0.150180135
9.7	    -0.221795482	0.127874792
9.8	    -0.232276028	0.104527084
9.9	    -0.240341106	0.080377305
10	    -0.245935764	0.055671167
10.1	-0.249029651	0.030657381
10.2	-0.24961707	    0.005585227
10.3	-0.247716813	-0.01929785
10.4	-0.243371751	-0.043748619
10.5	-0.236648194	-0.067530372
10.6	-0.227635048	-0.090415155
10.7	-0.21644274	    -0.11218589
10.8	-0.203201967	-0.132638384
10.9	-0.188062246	-0.151583193
11	    -0.1711903	    -0.168847324
11.1	-0.152768295	-0.184275772
11.2	-0.132991937	-0.197732867
11.3	-0.112068456	-0.20910343
11.4	-0.0902145	    -0.218293707
11.5	-0.067653948	-0.225232112
11.6	-0.044615674	-0.229869726
11.7	-0.021331281	-0.232180593
11.8	0.001967173	    -0.232161779
11.9	0.025049442	    -0.229833214
12	    0.047689311	    -0.225237313
12.1	0.069666774	    -0.218438381
12.2	0.090770123	    -0.209521813
12.3	0.11079795	    -0.198593095
12.4	0.129561027	    -0.185776615
12.5	0.146884055	    -0.171214307
12.6	0.162607272	    -0.155064124
12.7	0.176587889	    -0.137498378
12.8	0.188701355	    -0.118701946
12.9	0.198842437	    -0.09887037
13	    0.206926102	    -0.078207865
13.1	0.212888198	    -0.056925257
13.2	0.216685922	    -0.035237877
13.3	0.21829809	    -0.013363419
13.4	0.217725179	    0.008480207
13.5	0.214989166	    0.030077009
13.6	0.210133161	    0.051215011
13.7	0.203220833	    0.071688304
13.8	0.194335635	    0.091299014
13.9	0.183579855	    0.109859189
14	    0.171073476	    0.127192569
14.1	0.156952877	    0.143136229
14.2	0.141369385	    0.157542089
14.3	0.124487685	    0.170278264
14.4	0.106484118	    0.181230241
14.5	0.087544868	    0.190301891
14.6	0.067864068	    0.197416286
14.7	0.047641846	    0.202516324
14.8	0.027082315	    0.20556516
14.9	0.006391545	    0.206546435
15	    -0.014224473	0.205464296
15.1	-0.034561851	0.202343229
15.2	-0.054420797	0.197227682
15.3	-0.073607545	0.1901815
15.4	-0.091936228	0.181287174
15.5	-0.109230651	0.170644911
15.6	-0.125325964	0.158371537
15.7	-0.140070212	0.144599241
15.8	-0.153325748	0.129474183
15.9	-0.164970499	0.113154966
16	    -0.174899074	0.095810997
16.1	-0.183023692	0.077620759
16.2	-0.189274947	0.058769992
16.3	-0.193602372	0.039449825
16.4	-0.195974829	0.01985486
16.5	-0.196380693	0.000181232
16.6	-0.194827856	-0.019375325
16.7	-0.19134353	    -0.038621415
16.8	-0.185973865	-0.05736786
16.9	-0.178783388	-0.075431548
17	    -0.169854252	-0.092637198
17.1	-0.159285332	-0.108819047
17.2	-0.147191147	-0.123822424
17.3	-0.133700647	-0.137505213
17.4	-0.118955856	-0.149739188
17.5	-0.103110398	-0.160411193
17.6	-0.086327915	-0.169424174
17.7	-0.068780399	-0.17669805
17.8	-0.050646446	-0.182170407
17.9	-0.032109458	-0.185797013
18	    -0.013355806	-0.18755216
18.1	0.005427025	    -0.187428809
18.2	0.024052292	    -0.185438566
18.3	0.042335838	    -0.181611459
18.4	0.060097892	    -0.175995547
18.5	0.077164821	    -0.168656345
18.6	0.093370816	    -0.159676088
18.7	0.108559484	    -0.149152825
18.8	0.122585344	    -0.137199371
18.9	0.135315211	    -0.123942113
19	    0.14662944	    -0.109519691
19.1	0.156423045	    -0.094081563
19.2	0.164606659	    -0.077786472
19.3	0.171107333	    -0.060800832
19.4	0.175869178	    -0.04329704
19.5	0.178853827	    -0.025451743
19.6	0.180040727	    -0.007444072
19.7	0.179427254	    0.010546147
19.8	0.177028643	    0.028340168
19.9	0.172877756	    0.045762094
20	    0.167024664	    0.062640597
20.1	0.159536068	    0.078810592
20.2	0.150494556	    0.094114843
20.3	0.139997712	    0.108405471
20.4	0.128157073	    0.121545383
20.5	0.11509696	    0.133409567
20.6	0.100953185	    0.143886273
20.7	0.085871653	    0.152878058
20.8	0.070006867	    0.160302681
20.9	0.053520363	    0.16609384
21	    0.036579071	    0.170201758
21.1	0.019353642	    0.172593599
21.2	0.002016739	    0.173253705
21.3	-0.015258682	0.172183682
21.4	-0.032301084	0.169402294
21.5	-0.048942044	0.164945203
21.6	-0.065017904	0.158864539
21.7	-0.080371373	0.151228301
21.8	-0.094853051	0.142119621
21.9	-0.108322878	0.131635862
22	    -0.120651476	0.119887598
22.1	-0.131721383	0.106997451
22.2	-0.141428166	0.093098827
22.3	-0.149681392	0.078334545
22.4	-0.156405467	0.06285538
22.5	-0.161540317	0.046818532
22.6	-0.165041915	0.030386042
22.7	-0.166882646	0.013723164
22.8	-0.167051512	-0.003003286
22.9	-0.165554165	-0.019626592
23	    -0.162412781	-0.03598179
23.1	-0.157665769	-0.051907294
23.2	-0.151367318	-0.067246484
23.3	-0.143586795	-0.081849237
23.4	-0.134407992	-0.095573392
23.5	-0.123928232	-0.108286118
23.6	-0.112257349	-0.119865198
23.7	-0.099516546	-0.130200195
23.8	-0.085837144	-0.139193496
23.9	-0.071359239	-0.146761226
24	    -0.056230274	-0.152834029
24.1	-0.040603549	-0.157357686
24.2	-0.024636672	-0.160293598
24.3	-0.008489985	-0.161619103
24.4	0.007675047	    -0.161327634
24.5	0.023697434	    -0.159428718
24.6	0.039418261	    -0.15594782
24.7	0.054682256	    -0.150926023
24.8	0.069339315	    -0.144419557
24.9	0.083245968	    -0.136499184
25	    0.096266783	    -0.127249432
25.1	0.108275671	    -0.116767708
25.2	0.119157105	    -0.105163274
25.3	0.128807222	    -0.09255612
25.4	0.137134808	    -0.079075733
25.5	0.144062158	    -0.064859765
25.6	0.149525788	    -0.050052648
25.7	0.153477015	    -0.034804124
25.8	0.155882382	    -0.01926774
25.9	0.15672393	    -0.003599315
26	    0.155999316	    0.012044626
26.1	0.153721779	    0.027508398
26.2	0.14991995	    0.042638705
26.3	0.144637506	    0.057286151
26.4	0.137932678	    0.071306711
26.5	0.129877626	    0.084563136
26.6	0.120557661	    0.096926294
26.7	0.110070354	    0.108276421
26.8	0.09852452	    0.118504276
26.9	0.086039095	    0.127512187
27	    0.072741918	    0.135214976
27.1	0.058768428	    0.141540761
27.2	0.044260292	    0.146431621
27.3	0.029363974	    0.14984412
27.4	0.014229262	    0.151749684
27.5	-0.000992229	0.152134833
27.6	-0.016148574	0.151001261
27.7	-0.031089044	0.14836576
27.8	-0.045665602	0.144260004
27.9	-0.059734363	0.138730179
28	    -0.073157011	0.13183647
28.1	-0.085802147	0.123652419
28.2	-0.097546577	0.114264139
28.3	-0.108276505	0.103769423
28.4	-0.117888629	0.092276722
28.5	-0.126291131	0.079904039
28.6	-0.133404552	0.066777716
28.7	-0.139162535	0.053031151
28.8	-0.143512441	0.038803452
28.9	-0.146415824	0.02423803
29	    -0.147848765	0.00948116
29.1	-0.147802058	-0.005319482
29.2	-0.146281254	-0.02001629
29.3	-0.143306552	-0.034463198
29.4	-0.138912552	-0.048517125
29.5	-0.133147858	-0.062039385
29.6	-0.126074554	-0.074897057
29.7	-0.117767533	-0.086964277
29.8	-0.108313718	-0.098123477
29.9	-0.09781115	    -0.108266517
30	    -0.086367984	-0.117295732